Reaction test
type	A+B+C
number	1000

max value	65536
unit	us

test	A	B	C
0	786	32893	801
1	15	5	31945
2	1581	1571	29690
3	28469	380	391
4	32	21	45820
5	2024	34123	2035
6	1907	1896	38011
7	3668	3657	39772
8	35179	3066	3076
9	148	40277	159
10	34538	2443	2454
11	5112	41197	5102
12	42520	4308	2364
13	3223	3233	27304
14	2529	30615	2519
15	5855	37946	5867
16	3262	3272	43381
17	7	18	40848
18	1138	1148	37269
19	2437	2427	22496
20	2731	30820	2721
21	787	776	42960
22	4	14	36326
23	1732	1742	29832
24	4436	36541	4447
25	1922	1932	30019
26	2795	22870	2806
27	977	43206	988
28	2933	2943	27017
29	30171	2075	2086
30	47491	1290	1280
31	1790	25887	1800
32	4411	4400	40510
33	14	5	32102
34	31194	3117	3107
35	2728	38828	2739
36	204	214	36311
37	2804	2814	30895
38	1941	1931	30040
39	2777	2767	30866
40	1751	1761	33842
41	625	32711	635
42	27362	3281	3292
43	3007	3017	35104
44	36225	128	118
45	24181	112	102
46	767	37224	758
47	1792	1782	17846
48	32627	529	519
49	37238	1127	1138
50	479	468	38655
51	2473	2463	42950
52	1519	29601	1509
53	1079	1090	43301
54	63	24136	74
55	1293	37387	1303
56	57	28138	67
57	2970	2960	39103
58	1676	1686	33785
59	5277	5287	41395
60	38861	678	668
61	4685	4675	41159
62	4144	4154	36240
63	47318	3170	3181
64	3432	3422	23500
65	4269	4259	40356
66	34221	2113	2124
67	25469	1392	1402
68	27455	3375	3365
69	3056	47185	3067
70	2880	2891	34971
71	1276	33372	1267
72	27487	3409	3419
73	3562	39674	3573
74	15	41961	5
75	7	17	39454
76	1129	33224	1140
77	1449	41561	1460
78	33935	1844	1834
79	2458	38558	2449
80	909	28987	920
81	1196	29270	1187
82	1725	29819	1736
83	4760	40872	4750
84	38	40156	49
85	27602	8	19
86	4975	41076	4986
87	972	39143	982
88	25854	1789	1779
89	4145	36241	4155
90	18	8	27504
91	41160	1041	1052
92	4958	4948	41054
93	40380	258	249
94	18	41739	8
95	30928	2844	2835
96	35724	3634	3624
97	821	24893	811
98	2114	22179	2105
99	3103	31182	3094
100	5263	37365	5253
101	211	32322	221
102	3173	3183	39283
103	31416	3331	3321
104	3734	39844	3744
105	22087	2016	2006
106	8	39502	19
107	40697	4588	4598
108	33463	1360	1370
109	1473	1483	33584
110	2889	30958	2879
111	18	8	19514
112	2394	42512	2404
113	2810	42918	2800
114	35777	6	16
115	38393	2287	2277
116	2173	30270	2185
117	2055	34155	2066
118	36866	764	754
119	2506	30591	2496
120	1708	29790	1719
121	15	31047	6
122	3514	39617	3504
123	39136	3054	3045
124	1064	1074	37139
125	306	5157	41242
126	35995	8	18
127	30566	2484	2494
128	2692	2681	39637
129	2020	2008	34097
130	27008	2949	2960
131	3203	31248	3193
132	1360	1370	29419
133	3905	39969	3916
134	2645	34712	2656
135	29091	1026	1038
136	37542	1477	1467
137	41858	887	876
138	3112	3124	31157
139	1592	38519	1582
140	804	814	28865
141	2259	2249	34314
142	40968	18	8
143	3047	3057	39133
144	1888	42015	1899
145	2669	34777	2679
146	33876	1769	1759
147	2476	30562	2486
148	32142	39	50
149	1882	1893	41996
150	4054	40162	4044
151	32171	74	65
152	811	821	24896
153	1350	5358	33446
154	2218	38322	2208
155	8	23841	19
156	31455	18	9
157	407	397	32496
158	315	36427	326
159	1466	41592	1476
160	5521	5510	37613
161	39672	15	6
162	806	796	40915
163	1058	1068	37180
164	973	962	33096
165	28144	61	52
166	39362	3235	3246
167	23550	6	16
168	41013	898	908
169	1426	29512	1436
170	767	757	24842
171	28795	701	711
172	397	407	28498
173	6	16	27174
174	37335	1200	1211
175	2171	2181	38286
176	172	28254	162
177	2387	2397	38509
178	26341	2250	2260
179	2653	30736	2664
180	18	43838	9
181	109	32217	120
182	28877	791	782
183	700	24779	691
184	731	743	32831
185	2482	2472	38599
186	6	16	27448
187	41403	5296	5307
188	41224	1093	1104
189	6	16	28049
190	1385	1375	33479
191	2568	30666	2579
192	291	281	37306
193	3751	31848	3761
194	26856	2773	2763
195	970	960	33073
196	460	470	35787
197	39364	16	6
198	96	36220	107
199	5	40023	16
200	3603	3593	39714
201	2605	2594	39649
202	34	24	28123
203	2750	2760	30845
204	3852	39917	3801
205	1595	38613	1585
206	26909	2832	2823
207	30039	1939	1949
208	33804	1703	1714
209	2193	34296	2183
210	3168	31240	3158
211	1641	41745	1652
212	5	15	40518
213	1993	2003	46125
214	5	15	31628
215	6	16	39907
216	31997	5	15
217	19	36045	9
218	1061	1051	45167
219	1386	29464	1376
220	2181	2191	34306
221	249	259	28337
222	6	40896	16
223	47429	3311	3301
224	36806	691	702
225	1860	37968	1851
226	1181	1171	33299
227	2900	2890	35910
228	42029	1916	1906
229	37859	1748	1759
230	18	7	41803
231	37705	3010	3021
232	382	392	41425
233	2721	30807	2711
234	17	36395	7
235	40548	411	401
236	37689	1579	1570
237	40508	397	388
238	40770	659	670
239	1403	29495	1413
240	36334	238	228
241	23407	3338	3348
242	34321	2223	2213
243	41476	440	452
244	30362	2256	2266
245	92	32180	81
246	2874	42994	2885
247	1882	1893	38896
248	2203	39217	2190
249	33708	688	677
250	27521	3445	3436
251	15	27142	6
252	18	8	39906
253	33134	1043	1053
254	24331	266	257
255	17	7	31729
256	3009	35105	3020
257	2028	34113	2016
258	39913	3785	3776
259	42118	1991	2002
260	27561	3485	3475
261	8	27548	19
262	8	31977	18
263	19	8	38282
264	2673	30760	2664
265	39119	8	18
266	567	557	40677
267	33054	959	949
268	3270	3280	39385
269	2089	38204	2079
270	1047	1037	25124
271	1545	1535	37650
272	3233	3243	31324
273	1749	1759	29841
274	34588	2490	2480
275	42520	1496	1486
276	155	28237	145
277	3672	3662	35753
278	37204	1092	1103
279	36	24119	47
280	38142	2033	2044
281	1766	1777	33866
282	24345	262	272
283	3060	3070	35169
284	4	37113	15
285	1302	48022	1313
286	40385	17	7
287	44818	705	695
288	1665	37782	1676
289	167	32267	178
290	3079	35178	3070
291	2494	2484	34595
292	34682	1687	1698
293	1650	1640	21712
294	2400	39401	2390
295	2647	2658	30738
296	846	836	28929
297	35476	3371	3382
298	40804	18	8
299	1199	1189	45311
300	2198	38317	2208
301	2398	2387	43410
302	32770	657	668
303	192	24274	203
304	715	40827	705
305	2996	3006	31081
306	2969	2980	35066
307	1759	1748	25832
308	28646	559	569
309	33836	1740	1750
310	3188	35271	3178
311	5	15	35562
312	2377	30459	2387
313	34075	1975	1985
314	24939	851	862
315	16	6	32045
316	4313	36411	4303
317	2879	34967	2870
318	26458	2374	2364
319	2719	2729	26788
320	1883	1893	33979
321	15	5	42503
322	37706	1572	1583
323	17	7	40042
324	36350	229	219
325	150	40275	161
326	30423	2342	2353
327	29457	1343	1354
328	1581	1591	37701
329	399	389	36496
330	852	36940	842
331	1536	29631	1547
332	32229	132	143
333	3569	39661	3580
334	34047	1959	1970
335	2018	30106	2008
336	2415	2426	26506
337	1730	37830	1741
338	2028	2017	30107
339	2814	2824	26903
340	6	16	36092
341	18	8	31928
342	1739	45865	1750
343	2402	38516	2413
344	1990	2001	35006
345	3275	39370	3285
346	560	550	24639
347	16	31634	6
348	30942	2854	2864
349	889	40980	879
350	3434	23495	3424
351	40479	4381	4391
352	1799	37896	1809
353	952	962	29032
354	1848	1858	37949
355	34065	1973	1984
356	22654	2601	2591
357	38852	2775	2785
358	1799	33890	1809
359	392	402	32488
360	1705	1715	29799
361	2674	2684	42787
362	16	36275	7
363	2682	2672	38771
364	978	33058	968
365	2681	38774	2672
366	28344	243	254
367	1777	1767	41888
368	3432	27504	3422
369	688	41709	678
370	1384	21451	1395
371	24810	733	723
372	27594	3506	3516
373	18	27912	9
374	693	703	44825
375	117	35410	107
376	186	24246	177
377	367	24448	377
378	1063	1075	41199
379	561	551	28652
380	4599	44716	4590
381	34641	18	8
382	3658	3648	43750
383	3116	3126	27199
384	3147	3137	39246
385	804	24886	815
386	158	35474	169
387	40822	727	718
388	222	24296	212
389	32465	4381	4392
390	42309	2209	2200
391	27241	3159	3170
392	16	6	38250
393	384	393	36491
394	2669	2679	42796
395	3005	3015	39113
396	2788	34876	2779
397	37485	488	478
398	626	20692	616
399	262	40389	273
400	40295	176	167
401	17	19984	7
402	3497	39604	3487
403	36586	481	491
404	436	36549	447
405	7	18	36027
406	6	16	42832
407	2125	2114	34212
408	38506	2399	2390
409	3256	31345	3267
410	38586	2489	2499
411	281	292	41274
412	5	15	41380
413	28534	446	437
414	18	39770	9
415	5503	5514	41607
416	1280	33371	1271
417	3035	39146	3025
418	1451	25516	1441
419	9	23347	19
420	36491	385	376
421	36678	572	562
422	37	32132	48
423	4475	40569	4465
424	24125	42	53
425	23692	3629	3619
426	699	709	32805
427	182	36288	193
428	3138	31200	3129
429	472	483	32565
430	26386	2321	2312
431	1001	29097	1012
432	33927	1836	1826
433	37414	1312	1302
434	37320	1208	1198
435	32178	65	76
436	23879	3814	3824
437	79	32186	89
438	2047	34138	2037
439	1663	25744	1674
440	245	24333	256
441	2583	42705	2574
442	33992	1872	1883
443	8	24007	19
444	15	43091	5
445	8272	40358	4266
446	28056	6	17
447	1390	33486	1400
448	37388	1299	1289
449	1761	29846	1772
450	34789	2678	2690
451	7	17	32898
452	38632	2493	2503
453	1957	1967	34068
454	363	24430	353
455	34135	2040	2031
456	1939	1929	38052
457	2996	2986	39105
458	2868	2858	34964
459	29831	1741	1751
460	2278	38386	2289
461	2841	2830	30923
462	1137	29222	1128
463	23316	3233	3223
464	1797	1807	37906
465	31125	3041	3031
466	34678	2550	2560
467	40598	469	479
468	38059	1942	1953
469	788	36913	798
470	24530	439	429
471	5488	37586	5478
472	31375	3283	3274
473	422	28507	412
474	2104	34209	2115
475	3669	3679	35771
476	5762	37865	5772
477	1787	34808	1799
478	5774	45888	5784
479	493	36598	504
480	17	35435	8
481	43606	910	901
482	40584	475	466
483	35892	6	17
484	4159	4149	40262
485	26187	2099	2110
486	3490	39599	3480
487	31575	15	6
488	408	398	39092
489	2468	38553	2456
490	18	8	39468
491	1352	1362	37461
492	2502	18568	2512
493	2267	34375	2278
494	197	36321	207
495	1771	41883	1782
496	3099	3089	35193
497	1401	1390	38394
498	28992	910	901
499	41855	5754	5745
500	2551	2562	30648
501	1744	1754	33839
502	9	19	31303
503	2091	2101	42211
504	35895	15	5
505	2095	46220	2105
506	3063	23131	3074
507	3367	3377	35470
508	36520	4431	4441
509	733	743	32823
510	33532	1442	1432
511	1695	38668	1685
512	35784	3680	3691
513	1401	1391	37504
514	40812	692	702
515	27614	8	19
516	42484	2371	2361
517	2047	30143	2058
518	3063	3073	35166
519	80	37092	91
520	2322	34418	2334
521	2542	2532	34646
522	1712	1702	29794
523	344	28448	355
524	8	18	31500
525	3278	43403	3289
526	1965	30044	1955
527	3579	3569	31665
528	32384	280	271
529	6	35564	17
530	44024	3908	3898
531	2607	2617	22684
532	30286	1293	1283
533	40728	612	603
534	1956	1946	38053
535	32200	111	123
536	3585	3575	39674
537	2703	2692	39684
538	1896	38889	1885
539	32798	714	724
540	1616	1606	37734
541	2742	34853	2753
542	660	670	32763
543	1515	29599	1525
544	4572	4582	36671
545	2259	2249	38351
546	26165	2101	2092
547	3064	35162	3074
548	2671	2661	38788
549	1445	1434	29525
550	31243	3161	3151
551	85	32171	95
552	3601	3611	35704
553	3434	3424	31516
554	297	307	24381
555	1299	21361	1289
556	2506	31495	2496
557	2360	2350	43376
558	38903	2805	2796
559	40652	559	550
560	199	32283	189
561	2043	30130	2033
562	36099	6	17
563	31913	5	16
564	37490	1351	1361
565	26260	2178	2169
566	17	7	32077
567	37083	979	990
568	5	36081	15
569	7	43158	17
570	2824	2814	41555
571	35844	3718	3728
572	2223	38370	2213
573	2916	43056	2927
574	18	8	31697
575	3381	31478	3371
576	3102	3092	31213
577	1500	1510	37632
578	33081	952	963
579	34154	2027	2037
580	36341	212	202
581	39682	19	9
582	41766	1608	1619
583	130	140	24231
584	26447	2337	2348
585	19	9	39741
586	35456	18	8
587	19	9	34918
588	3574	27675	3584
589	24362	258	269
590	981	971	33095
591	25859	1771	1761
592	1613	33732	1603
593	2717	38823	2708
594	3619	3609	39744
595	486	476	32603
596	7	37518	18
597	300	309	40457
598	36691	566	556
599	1124	1114	29239
600	953	963	41108
601	2866	34963	2856
602	796	32903	785
603	8	31372	18
604	5	43949	16
605	42752	18	8
606	3213	39331	3204
607	38327	2192	2203
608	1387	33489	1377
609	2114	30211	2104
610	34958	2820	2831
611	38842	1791	1802
612	1791	1801	42859
613	2540	2550	18615
614	38246	2106	2116
615	41064	4010	4000
616	1052	33185	1063
617	32172	44	55
618	2579	42733	2567
619	342	20429	352
620	1789	1799	37935
621	30791	2680	2671
622	17	27703	7
623	33410	1273	1284
624	3421	3411	35547
625	33999	1882	1892
626	1617	33709	1608
627	34882	7	17
628	45462	1301	1311
629	4164	4154	40294
630	3102	27196	3093
631	3006	3016	35124
632	3691	3681	31802
633	34520	2413	2403
634	2000	34109	1990
635	40228	4111	4101
636	2742	2732	22819
637	1342	1352	21436
638	3065	35170	3076
639	1268	1278	29379
640	41463	1305	1295
641	22378	2284	2295
642	2900	2911	31013
643	2386	34506	2397
644	34002	1868	1878
645	1294	1304	37419
646	2161	26244	2151
647	34987	2858	2869
648	27392	9	19
649	32620	497	509
650	1807	1797	41941
651	40952	802	812
652	3498	3488	39632
653	33007	897	887
654	35100	2981	2992
655	24090	16	6
656	15	5	40042
657	33687	1568	1578
658	2193	2183	22274
659	1801	29891	1791
660	2194	2205	43247
661	2287	2297	30396
662	3085	31193	3096
663	697	686	41753
664	2506	2496	38640
665	18	31870	8
666	44104	3965	3976
667	38330	2219	2209
668	278	268	32389
669	43	28144	54
670	759	28878	770
671	2088	42233	2098
672	993	37119	1004
673	480	491	38690
674	36313	170	181
675	35201	3082	3093
676	2188	43299	2199
677	27991	8	18
678	7	39526	18
679	6	39435	16
680	3901	36017	3891
681	3107	3117	35241
682	28061	18	8
683	18	31915	8
684	383	40557	393
685	836	826	32958
686	2270	22353	2260
687	1900	25996	1890
688	202	36327	193
689	2799	2789	42936
690	41354	289	279
691	30290	2184	2175
692	34703	2590	2581
693	3137	3147	31256
694	32572	457	447
695	2943	35062	2954
696	174	184	24276
697	1482	1492	37620
698	3496	35611	3486
699	3123	35261	3133
700	1910	38047	1901
701	36443	4322	4313
702	260	28374	250
703	2882	39022	2893
704	2273	2283	34404
705	35969	5	15
706	3357	3367	35480
707	8	30845	18
708	4317	40446	4307
709	38033	976	988
710	2289	42427	2300
711	201	191	28303
712	2688	38826	2698
713	1895	42974	1906
714	30419	2294	2305
715	3608	3618	39742
716	882	893	37935
717	17	39824	7
718	5	15	27890
719	39639	18	8
720	4808	44966	4819
721	1308	1297	38334
722	1206	37307	1197
723	41958	891	904
724	25328	1223	1233
725	3601	35742	3611
726	9	42676	19
727	1005	1015	39770
728	3573	7585	35698
729	2399	39455	2410
730	31544	3403	3414
731	24457	368	378
732	1338	1349	25425
733	17	31756	7
734	449	32538	439
735	24805	729	740
736	395	406	36512
737	2530	30615	2541
738	44914	18	8
739	669	40795	679
740	1303	37412	1293
741	17	37746	8
742	7	17	46466
743	8	42491	18
744	41397	16	7
745	961	33048	951
746	3291	35399	3302
747	3171	31239	3161
748	35953	3851	3842
749	33473	1379	1369
750	40625	18	8
751	2716	2726	26802
752	299	289	40412
753	36306	171	182
754	1716	1726	25803
755	33921	1807	1818
756	881	36993	892
757	309	24392	320
758	37181	1079	1070
759	320	310	24395
760	32711	609	619
761	2267	42379	2278
762	39259	18	8
763	3331	35430	3342
764	30556	2461	2471
765	39718	3591	3602
766	32218	101	111
767	858	32965	869
768	25548	1450	1461
769	1116	1105	33218
770	1082	1072	33180
771	25548	1460	1471
772	35262	7	17
773	364	36474	354
774	32458	348	358
775	2170	2180	38280
776	1590	1580	37705
777	29928	1834	1824
778	20795	714	724
779	44011	3882	3893
780	640	32756	650
781	1456	1446	33569
782	42650	2510	2520
783	43042	2001	1991
784	2545	39576	2556
785	30131	2055	2045
786	33782	1656	1666
787	39830	8	18
788	2793	2803	34918
789	32271	167	157
790	7	17	39672
791	35551	3445	3455
792	356	366	40497
793	1314	29401	1324
794	882	872	36989
795	1938	25997	1928
796	32552	440	451
797	2585	42700	2575
798	2271	2261	30369
799	271	281	32384
800	35474	3364	3375
801	25907	1835	1826
802	4262	4273	36374
803	2344	30434	2334
804	1186	1197	42250
805	1283	33389	1294
806	34886	2762	2772
807	32388	270	281
808	19	39696	9
809	2231	2241	26323
810	1824	29923	1835
811	483	493	40629
812	33333	1224	1234
813	30935	2848	2837
814	983	38003	994
815	2201	30279	2212
816	38596	1584	1595
817	2991	35097	3002
818	35721	3601	3611
819	26860	2775	2766
820	3957	36071	3968
821	9	19	31966
822	2463	30551	2453
823	5	15	19780
824	781	40911	771
825	36974	874	865
826	464	36574	455
827	18	27989	8
828	39025	8	18
829	8	36039	18
830	18	35751	9
831	3554	35659	3544
832	2201	2191	35209
833	42127	2009	1999
834	1549	1560	21629
835	16	42907	6
836	32360	250	261
837	38892	18	9
838	44121	3988	3999
839	967	956	29052
840	37486	1389	1379
841	3275	3285	35379
842	38423	2320	2311
843	31871	5	16
844	3269	3279	39383
845	37016	892	902
846	2292	42402	2282
847	1288	1278	42308
848	17880	1812	5825
849	43493	2455	2444
850	2481	2471	34577
851	168	32276	179
852	32761	665	655
853	20791	726	716
854	2759	38870	2750
855	1676	33772	1667
856	3480	31571	3491
857	3115	3102	39199
858	1846	25931	1856
859	3070	31156	3081
860	25849	1780	1770
861	33590	1472	1482
862	1832	1842	33946
863	138	32230	129
864	2142	38261	2132
865	529	36635	540
866	3300	3311	27385
867	378	32465	368
868	28117	24	35
869	101	32212	112
870	2269	2259	38370
871	776	786	36887
872	1744	1754	29834
873	42597	1598	1588
874	16	6	32094
875	26	36	28123
876	3274	3264	39373
877	36979	16	6
878	2592	2582	38694
879	1694	1704	37807
880	47745	15	6
881	2674	2664	34774
882	1978	38072	1969
883	3785	3775	31875
884	18595	2529	2520
885	7	40046	17
886	40488	359	370
887	934	924	37046
888	32505	407	397
889	1593	25666	1583
890	1945	1955	38079
891	27763	16	6
892	1244	25329	1255
893	955	965	29049
894	1905	1895	42016
895	1790	1780	38802
896	18	8	19924
897	487	36626	497
898	40614	493	484
899	1451	1461	33549
900	2550	26627	2541
901	5	40497	15
902	81	40194	92
903	1017	1027	37105
904	28135	59	49
905	19474	3425	3415
906	872	862	28958
907	32060	17	7
908	38206	2081	2092
909	6	16	36714
910	1742	33836	1732
911	1626	1636	33718
912	2592	34686	2582
913	35492	3390	3400
914	3990	36100	4001
915	548	559	24649
916	848	28942	858
917	37486	17	8
918	988	37091	979
919	1372	37483	1382
920	670	32761	661
921	1756	1746	37855
922	2380	2370	38473
923	1338	1348	25427
924	1280	42300	1291
925	26366	2293	2304
926	32509	418	428
927	31071	2981	2992
928	2561	2551	22625
929	2352	34451	2362
930	32398	317	307
931	29529	1435	1446
932	29964	1879	1869
933	3190	3200	35296
934	575	585	36688
935	1353	33452	1363
936	1604	33714	1594
937	2579	34691	2589
938	3110	19177	3121
939	2123	2133	30211
940	17	7	39334
941	32235	129	140
942	72	82	36187
943	1656	1646	33770
944	589	599	36696
945	38334	2215	2226
946	39964	3860	3851
947	1453	29534	1463
948	2485	2475	30565
949	3071	35180	3081
950	565	575	36681
951	27036	2952	2962
952	2187	2177	34285
953	3088	3099	39210
954	1981	1991	34090
955	19	9	31360
956	2192	2182	34290
957	2015	34120	2026
958	18	41983	9
959	45834	1696	1706
960	31169	3077	3088
961	31065	2976	2986
962	3097	3087	35196
963	4965	4955	37063
964	42959	18	8
965	2242	30333	2233
966	41893	1792	1783
967	2106	38204	2096
968	3105	43234	3116
969	2173	34276	2184
970	16	23829	6
971	37494	1381	1371
972	1515	1505	37630
973	1643	1653	21723
974	26326	2245	2256
975	23619	15	6
976	2969	35061	2959
977	46534	6	16
978	2208	42342	2199
979	37991	1882	1893
980	35987	3885	3895
981	37189	1084	1095
982	43031	2910	2901
983	451	28533	442
984	39785	3687	3678
985	692	682	32790
986	17	35971	8
987	32567	477	467
988	5398	5388	37499
989	17	7	36112
990	3380	3370	31466
991	18	7	36014
992	38267	2149	2159
993	6	22800	17
994	1991	34078	1981
995	2668	2678	34779
996	29912	1815	1825
997	2615	42729	2606
998	2794	2784	38901
999	43719	2698	2688