Reaction test
type	A+B+C
number	1000

max value	65536
unit	us

test	A	B	C
0	238	270	260
1	338	362	352
2	472	495	485
3	441	452	428
4	851	875	864
5	764	787	777
6	302	289	313
7	747	758	735
8	367	379	390
9	553	566	577
10	34	24	11
11	465	454	442
12	608	619	596
13	404	417	428
14	10	23	1005
15	128	118	106
16	1001	991	1010
17	282	258	272
18	305	282	294
19	758	782	771
20	644	621	634
21	80	56	70
22	758	771	782
23	64	77	88
24	815	792	805
25	816	839	829
26	255	267	279
27	535	523	547
28	722	746	736
29	453	464	441
30	824	811	835
31	453	443	462
32	720	708	732
33	199	222	212
34	423	399	412
35	197	208	185
36	917	927	904
37	728	719	706
38	548	571	561
39	709	697	720
40	345	358	369
41	706	717	694
42	1002	990	1013
43	37	48	25
44	24	47	37
45	741	729	753
46	833	822	810
47	524	509	533
48	173	150	163
49	855	842	866
50	953	943	930
51	305	282	295
52	717	727	705
53	15	38	27
54	199	186	210
55	106	119	130
56	193	205	216
57	722	711	699
58	641	628	652
59	897	920	910
60	248	271	261
61	134	123	111
62	53	42	30
63	853	830	843
64	577	566	554
65	189	176	200
66	589	576	600
67	961	949	972
68	631	643	654
69	407	419	430
70	173	184	161
71	22	45	35
72	7	19	1002
73	114	103	91
74	866	856	844
75	535	546	523
76	516	493	506
77	838	861	851
78	315	304	292
79	612	589	602
80	59	82	72
81	142	132	120
82	525	513	537
83	243	230	254
84	743	720	733
85	726	736	714
86	722	699	712
87	808	785	798
88	420	410	398
89	809	797	820
90	804	827	817
91	498	486	509
92	741	717	730
93	331	342	319
94	636	625	613
95	558	548	536
96	601	578	591
97	372	349	362
98	302	315	326
99	689	712	702
100	506	496	484
101	410	387	400
102	132	121	108
103	326	337	314
104	825	801	814
105	116	104	127
106	950	926	939
107	589	612	602
108	923	946	936
109	943	930	954
110	762	785	775
111	665	642	655
112	220	209	197
113	449	436	460
114	415	403	426
115	19	43	32
116	19	1003	7
117	1002	7	20
118	56	79	69
119	63	52	40
120	227	204	217
121	962	939	952
122	534	545	522
123	794	817	807
124	739	750	727
125	577	564	588
126	803	780	792
127	271	258	282
128	17	40	30
129	194	170	184
130	36	23	47
131	778	801	791
132	137	149	160
133	565	554	542
134	672	660	683
135	827	815	838
136	339	352	363
137	762	751	739
138	283	294	271
139	53	42	30
140	612	599	623
141	38	15	28
142	881	869	893
143	1013	9	1000
144	872	859	883
145	56	43	67
146	244	254	231
147	69	58	46
148	244	231	255
149	261	239	251
150	854	841	865
151	647	670	660
152	433	457	446
153	257	245	268
154	643	619	633
155	32	44	56
156	88	78	97
157	474	484	462
158	60	49	37
159	69	58	45
160	580	557	569
161	754	741	765
162	613	624	600
163	219	206	230
164	738	762	751
165	901	888	912
166	623	646	636
167	280	268	291
168	704	727	717
169	186	207	197
170	947	924	937
171	996	1020	1009
172	284	272	296
173	164	187	177
174	223	234	211
175	159	170	147
176	794	782	806
177	601	590	578
178	872	896	886
179	678	668	655
180	173	161	184
181	821	797	810
182	465	452	476
183	837	860	850
184	42	54	65
185	476	463	487
186	567	556	544
187	985	962	975
188	712	702	689
189	938	962	952
190	96	84	108
191	928	916	939
192	969	981	991
193	532	510	522
194	30	19	39
195	605	596	586
196	320	306	331
197	949	925	938
198	344	331	354
199	442	453	430
200	666	679	690
201	40	51	28
202	594	617	607
203	864	840	854
204	429	450	441
205	623	636	647
206	769	780	757
207	169	180	157
208	323	310	334
209	268	257	244
210	871	895	884
211	84	60	73
212	873	896	886
213	547	534	558
214	790	779	766
215	143	123	133
216	748	771	761
217	652	673	663
218	307	331	320
219	381	370	358
220	793	782	802
221	681	670	658
222	745	721	735
223	267	280	291
224	1005	11	24
225	246	269	259
226	353	342	330
227	95	119	108
228	113	102	90
229	366	355	375
230	345	368	358
231	334	347	358
232	549	572	562
233	139	115	128
234	475	486	463
235	860	848	871
236	405	416	393
237	148	171	161
238	919	906	930
239	326	337	347
240	393	380	404
241	1032	1043	1053
242	22	9	33
243	598	574	588
244	406	392	417
245	687	676	664
246	883	907	896
247	763	774	751
248	904	893	881
249	872	859	883
250	488	503	514
251	45	69	59
252	611	598	623
253	547	571	561
254	306	295	283
255	741	728	752
256	47	72	61
257	477	490	501
258	442	453	462
259	446	468	458
260	286	277	267
261	23	34	44
262	131	142	152
263	185	175	195
264	736	749	761
265	445	466	456
266	456	467	443
267	469	459	479
268	700	689	676
269	325	303	315
270	489	476	501
271	248	259	268
272	757	770	781
273	235	246	223
274	793	807	818
275	286	296	306
276	795	784	768
277	684	671	695
278	713	735	725
279	414	423	404
280	1006	10	23
281	1004	980	993
282	130	119	106
283	667	656	644
284	408	418	428
285	485	471	498
286	43	67	57
287	772	761	781
288	251	262	239
289	807	818	795
290	70	57	81
291	677	664	689
292	261	249	273
293	263	252	240
294	485	498	509
295	754	733	744
296	577	556	567
297	150	140	127
298	396	409	420
299	341	364	354
300	512	500	523
301	233	256	246
302	825	812	836
303	191	181	168
304	431	407	420
305	131	142	119
306	487	476	464
307	148	158	135
308	255	246	236
309	481	471	461
310	682	671	658
311	892	904	915
312	702	713	723
313	365	341	354
314	165	152	176
315	600	577	590
316	730	753	743
317	110	120	97
318	288	301	312
319	839	816	829
320	463	453	443
321	88	98	75
322	167	158	148
323	455	468	479
324	83	72	60
325	206	195	183
326	777	763	788
327	719	743	733
328	1058	1072	941
329	692	701	682
330	360	381	371
331	761	772	749
332	780	767	791
333	256	246	265
334	205	216	193
335	934	957	947
336	61	74	85
337	700	687	711
338	572	583	560
339	519	495	508
340	356	332	345
341	864	873	854
342	664	651	675
343	435	458	448
344	875	852	865
345	888	877	865
346	748	761	772
347	987	977	965
348	952	975	965
349	975	986	963
350	226	215	203
351	192	169	182
352	891	868	881
353	162	175	186
354	58	68	45
355	273	286	297
356	153	164	141
357	137	124	148
358	762	750	774
359	334	311	324
360	299	276	289
361	943	930	954
362	650	639	627
363	66	53	77
364	86	97	74
365	568	581	592
366	195	208	219
367	154	143	131
368	999	976	989
369	72	61	49
370	492	516	506
371	627	614	638
372	870	859	847
373	378	389	366
374	663	652	640
375	826	813	837
376	223	246	236
377	463	486	476
378	476	487	464
379	134	111	124
380	730	753	743
381	79	103	92
382	564	554	542
383	171	194	184
384	515	538	527
385	347	359	371
386	49	59	37
387	264	276	287
388	847	859	872
389	148	172	161
390	918	941	931
391	677	662	687
392	3210	3199	3219
393	530	517	541
394	248	236	259
395	370	393	383
396	189	213	202
397	270	284	257
398	350	363	374
399	515	526	503
400	666	679	690
401	321	334	345
402	800	821	811
403	807	797	784
404	891	868	881
405	63	40	53
406	596	620	610
407	765	776	753
408	835	825	813
409	160	149	137
410	905	926	916
411	28	19	8
412	151	175	165
413	727	740	751
414	984	997	1008
415	714	702	726
416	202	215	226
417	243	222	233
418	571	584	595
419	332	343	320
420	763	784	774
421	730	707	720
422	273	260	284
423	423	447	437
424	115	104	92
425	981	957	970
426	987	1010	1000
427	867	891	880
428	944	931	955
429	18	31	8
430	277	263	288
431	986	975	963
432	181	194	205
433	701	714	725
434	145	157	169
435	672	659	683
436	954	979	967
437	890	866	879
438	480	470	457
439	859	882	871
440	883	906	896
441	613	626	637
442	550	573	562
443	566	590	579
444	794	771	783
445	961	950	938
446	636	649	660
447	666	677	654
448	926	903	916
449	662	686	675
450	810	830	820
451	638	651	662
452	288	299	276
453	218	206	229
454	533	522	510
455	45	32	56
456	238	255	266
457	757	746	734
458	830	843	854
459	844	857	868
460	852	876	865
461	477	498	488
462	154	144	163
463	495	484	471
464	742	729	754
465	1362	1350	1371
466	663	639	653
467	465	485	475
468	608	621	633
469	356	332	345
470	240	263	253
471	954	965	941
472	688	711	701
473	447	471	460
474	1001	11	1014
475	593	617	606
476	171	182	159
477	629	653	643
478	547	564	534
479	485	496	472
480	712	733	723
481	692	703	679
482	514	538	528
483	162	186	176
484	130	154	143
485	392	402	379
486	148	127	138
487	419	395	408
488	190	202	214
489	694	703	680
490	572	562	581
491	785	772	796
492	968	945	958
493	620	610	597
494	570	581	558
495	224	236	247
496	787	777	765
497	411	424	435
498	652	665	676
499	746	757	735
500	873	886	897
501	206	195	182
502	364	340	353
503	995	984	972
504	322	340	351
505	108	96	120
506	981	957	970
507	671	648	660
508	498	474	487
509	867	890	880
510	833	858	848
511	270	247	260
512	270	293	283
513	974	998	987
514	608	621	632
515	582	593	570
516	53	66	77
517	983	994	971
518	340	330	317
519	786	776	763
520	496	506	483
521	262	272	250
522	148	137	125
523	972	985	996
524	1007	996	984
525	533	521	545
526	460	447	471
527	571	559	583
528	202	192	179
529	15	38	28
530	792	804	816
531	307	330	320
532	663	676	687
533	914	926	938
534	63	74	51
535	758	745	769
536	668	655	679
537	930	906	919
538	365	355	342
539	959	982	972
540	83	60	73
541	900	924	913
542	178	202	191
543	852	840	864
544	132	119	143
545	676	699	689
546	866	876	853
547	755	778	768
548	461	485	474
549	675	686	663
550	688	678	665
551	275	263	286
552	695	671	685
553	362	349	373
554	963	986	976
555	507	496	483
556	559	536	549
557	592	569	582
558	257	280	270
559	674	686	697
560	369	380	356
561	480	457	470
562	369	356	380
563	979	990	967
564	689	666	679
565	377	401	390
566	580	569	557
567	463	487	476
568	97	74	87
569	239	263	252
570	880	856	869
571	49	73	63
572	389	402	413
573	952	928	941
574	328	304	318
575	51	74	64
576	150	140	127
577	49	73	62
578	484	471	495
579	175	188	199
580	303	316	327
581	84	97	108
582	50	63	74
583	982	970	993
584	591	603	615
585	459	483	472
586	340	327	351
587	673	686	697
588	623	613	633
589	877	866	854
590	320	343	333
591	383	394	371
592	678	688	665
593	607	584	597
594	155	166	175
595	400	411	388
596	799	775	788
597	876	900	890
598	846	859	870
599	891	880	868
600	794	784	772
601	500	476	489
602	338	348	326
603	363	386	375
604	320	344	333
605	677	667	655
606	339	328	316
607	958	981	971
608	527	539	551
609	576	553	566
610	209	185	198
611	975	963	986
612	538	527	516
613	886	875	863
614	1005	22	10
615	938	925	949
616	124	137	148
617	563	586	576
618	517	530	541
619	555	567	578
620	26	49	39
621	102	113	90
622	120	97	110
623	922	909	933
624	77	65	88
625	265	288	278
626	390	378	401
627	826	815	803
628	387	375	399
629	547	558	535
630	782	771	759
631	792	779	803
632	933	945	956
633	247	260	271
634	681	670	658
635	402	379	391
636	282	272	260
637	381	369	392
638	651	640	628
639	583	594	571
640	491	501	478
641	441	429	453
642	596	585	573
643	138	126	150
644	272	284	295
645	70	93	83
646	597	574	587
647	338	348	325
648	583	560	573
649	599	587	610
650	569	581	592
651	621	608	632
652	863	886	876
653	169	182	193
654	700	689	677
655	577	590	601
656	710	686	699
657	475	464	452
658	268	292	281
659	75	52	65
660	586	596	574
661	73	50	63
662	996	986	974
663	693	704	681
664	875	887	898
665	875	887	898
666	589	579	567
667	246	234	257
668	950	973	963
669	527	514	538
670	154	167	178
671	763	786	776
672	236	225	213
673	389	402	413
674	870	884	895
675	783	773	761
676	272	295	285
677	221	231	209
678	48	36	60
679	478	491	502
680	166	189	178
681	878	889	866
682	513	503	491
683	780	767	791
684	97	86	74
685	555	532	545
686	122	110	134
687	548	560	571
688	789	777	800
689	868	855	879
690	421	431	408
691	402	379	392
692	990	1002	1013
693	130	119	107
694	682	659	672
695	486	475	463
696	349	372	362
697	298	274	288
698	86	97	74
699	945	968	958
700	386	362	375
701	288	276	299
702	861	872	849
703	218	205	229
704	468	491	481
705	917	927	905
706	879	868	856
707	784	795	772
708	674	663	651
709	529	506	519
710	270	247	260
711	850	873	863
712	679	656	669
713	784	773	761
714	655	667	678
715	83	60	73
716	510	487	500
717	23	33	11
718	479	492	503
719	520	509	497
720	680	669	657
721	326	303	315
722	364	375	353
723	37	49	60
724	556	566	543
725	432	445	456
726	523	500	513
727	2605	2614	2595
728	723	712	700
729	466	441	455
730	769	758	745
731	948	961	972
732	828	815	839
733	769	758	745
734	629	642	653
735	947	971	960
736	556	541	565
737	164	151	175
738	115	139	129
739	860	850	869
740	3707	3698	3687
741	752	728	742
742	180	158	170
743	575	555	566
744	900	877	890
745	327	302	316
746	565	574	555
747	307	297	287
748	382	373	363
749	2705	2659	2649
750	284	293	273
751	135	114	125
752	171	180	161
753	64	73	54
754	1015	7	1005
755	414	425	402
756	661	672	648
757	935	946	956
758	794	781	805
759	875	888	898
760	954	967	978
761	6975	6964	6984
762	814	827	838
763	120	133	144
764	988	975	999
765	622	635	646
766	983	970	994
767	768	756	779
768	153	166	177
769	951	964	975
770	577	565	589
771	275	262	286
772	522	511	531
773	578	565	589
774	145	158	169
775	424	437	448
776	779	766	790
777	548	558	536
778	437	416	427
779	3413	3435	3425
780	707	718	727
781	866	887	877
782	474	485	494
783	559	569	579
784	294	315	305
785	741	765	754
786	419	443	432
787	76	86	63
788	754	765	742
789	257	281	271
790	1020	997	1010
791	1006	982	996
792	84	97	108
793	28	41	52
794	387	411	400
795	301	277	290
796	385	374	362
797	681	657	670
798	283	296	307
799	735	722	746
800	740	763	753
801	377	390	401
802	881	891	868
803	85	62	75
804	125	149	138
805	686	676	663
806	683	671	695
807	156	146	133
808	874	851	864
809	416	393	406
810	254	277	267
811	664	687	677
812	57	45	68
813	1004	981	994
814	238	249	226
815	370	360	348
816	595	606	582
817	750	773	763
818	583	594	571
819	77	61	49
820	224	214	202
821	543	555	566
822	479	466	490
823	561	584	574
824	317	340	330
825	880	867	891
826	667	679	690
827	274	261	285
828	625	648	638
829	283	293	270
830	620	631	608
831	985	974	963
832	658	646	669
833	850	862	873
834	553	540	564
835	69	80	57
836	965	977	988
837	36	49	60
838	451	475	464
839	285	273	296
840	563	586	576
841	759	747	770
842	368	355	379
843	345	322	335
844	443	466	456
845	690	667	679
846	757	746	734
847	963	976	987
848	105	115	93
849	584	607	596
850	214	203	191
851	462	450	473
852	931	954	944
853	59	48	36
854	907	894	918
855	955	966	943
856	268	293	283
857	22	35	46
858	706	695	683
859	274	286	297
860	319	331	343
861	653	641	665
862	294	317	307
863	772	783	760
864	76	87	64
865	995	1005	982
866	426	439	450
867	122	133	110
868	68	79	56
869	45	22	35
870	592	580	603
871	687	676	664
872	852	876	866
873	886	899	910
874	545	568	558
875	104	81	94
876	295	285	272
877	551	574	564
878	392	404	416
879	535	548	559
880	466	453	477
881	487	475	498
882	68	81	92
883	999	988	976
884	824	836	847
885	649	672	662
886	827	815	838
887	772	783	760
888	491	480	468
889	781	770	758
890	950	927	940
891	912	889	902
892	1002	1011	992
893	384	373	361
894	676	687	664
895	798	775	788
896	583	560	573
897	920	907	931
898	663	686	676
899	305	328	318
900	361	374	385
901	633	623	611
902	487	511	501
903	172	196	185
904	534	522	545
905	158	181	171
906	286	297	274
907	984	974	962
908	42	31	20
909	80	104	93
910	55	31	44
911	782	793	803
912	162	138	152
913	424	437	449
914	635	623	646
915	541	554	565
916	427	440	451
917	155	167	178
918	167	180	191
919	253	276	266
920	758	769	746
921	124	100	113
922	765	742	755
923	44	67	57
924	972	961	949
925	232	245	256
926	233	246	257
927	70	80	58
928	193	181	205
929	418	431	442
930	567	554	578
931	851	874	864
932	662	651	639
933	567	579	590
934	911	924	935
935	1000	989	977
936	404	416	428
937	204	180	193
938	761	750	738
939	163	186	176
940	470	493	482
941	185	208	198
942	337	314	327
943	726	715	703
944	181	158	171
945	552	575	565
946	478	468	456
947	69	58	46
948	129	139	116
949	185	175	162
950	993	981	1004
951	798	785	809
952	449	436	460
953	836	847	824
954	190	177	201
955	252	229	242
956	944	932	955
957	154	141	165
958	149	162	173
959	415	439	428
960	573	597	586
961	473	450	463
962	528	518	508
963	558	571	582
964	630	607	620
965	394	407	418
966	908	897	885
967	474	463	451
968	764	787	776
969	362	386	375
970	990	966	980
971	250	237	261
972	241	262	252
973	961	940	951
974	570	549	560
975	169	207	216
976	419	428	409
977	250	238	262
978	912	899	923
979	835	822	846
980	11	24	35
981	74	84	61
982	506	527	517
983	25	38	49
984	412	401	388
985	597	621	611
986	46	69	59
987	659	648	635
988	894	870	883
989	934	947	958
990	601	624	614
991	231	254	244
992	923	900	913
993	665	688	678
994	581	560	571
995	217	240	230
996	937	949	961
997	477	500	490
998	140	163	153
999	426	415	403