Reaction test
type	A+B+C
number	1000

max value	65536
unit	us

test	A	B	C
0	65	54	74
1	16	26	36
2	78	87	69
3	61	82	72
4	86	107	97
5	64	73	55
6	107	86	97
7	89	98	80
8	51	61	71
9	96	87	77
10	75	84	65
11	86	66	76
12	86	15	5
13	70	50	60
14	9	76	19
15	15	35	25
16	9	77	19
17	71	92	82
18	37	17	27
19	40	20	30
20	64	73	54
21	106	115	97
22	34	23	44
23	42	32	52
24	72	92	82
25	54	63	44
26	37	28	18
27	48	58	67
28	58	37	48
29	53	64	74
30	15	25	35
31	51	42	32
32	5	26	16
33	96	86	106
34	45	35	54
35	70	61	51
36	36	46	56
37	39	30	20
38	15	5	25
39	18	38	29
40	99	89	108
41	86	106	96
42	18	27	8
43	64	44	54
44	104	113	94
45	54	45	35
46	13	34	24
47	24	45	35
48	88	107	97
49	99	78	89
50	40	49	30
51	41	31	50
52	49	59	69
53	52	42	61
54	36	17	26
55	90	80	8
56	60	39	50
57	85	75	65
58	49	39	59
59	49	25	37
60	67	76	58
61	32	22	42
62	80	89	70
63	107	87	98
64	29	37	19
65	19	29	38
66	33	23	43
67	96	86	105
68	46	67	57
69	50	71	61
70	51	31	41
71	27	47	37
72	60	51	41
73	57	67	77
74	35	56	46
75	23	32	13
76	26	35	16
77	64	43	54
78	109	88	99
79	46	26	37
80	43	33	53
81	104	95	85
82	69	49	59
83	62	82	72
84	34	13	24
85	97	76	87
86	46	36	27
87	20	41	31
88	46	36	55
89	93	114	104
90	46	56	66
91	28	18	38
92	90	80	8
93	108	88	98
94	51	30	41
95	48	39	29
96	40	61	51
97	43	33	53
98	107	97	88
99	84	105	95
100	82	63	72
101	16	25	6
102	69	78	60
103	105	95	86
104	101	92	82
105	93	83	102
106	61	40	51
107	89	109	99
108	27	36	17
109	43	22	33
110	92	81	101
111	50	40	60
112	8	76	87
113	8	76	19
114	6	73	16
115	84	73	93
116	23	44	34
117	55	64	46
118	61	71	81
119	6	16	74
120	88	17	7
121	52	62	72
122	32	41	23
123	107	87	97
124	92	82	102
125	65	55	74
126	79	59	69
127	18	80	8
128	42	51	32
129	108	6	99
130	66	75	56
131	14	35	25
132	98	78	89
133	70	60	79
134	62	52	72
135	61	52	42
136	88	97	78
137	47	56	37
138	98	89	79
139	34	55	45
140	56	65	47
141	99	78	89
142	76	54	66
143	70	90	80
144	19	9	29
145	84	94	104
146	69	78	59
147	89	98	80
148	70	60	50
149	94	85	103
150	16	26	35
151	46	56	66
152	31	40	21
153	63	84	74
154	57	67	76
155	74	83	64
156	5	72	83
157	105	95	114
158	26	6	16
159	94	114	104
160	32	53	43
161	84	93	74
162	104	83	94
163	16	6	79
164	29	19	38
165	69	78	59
166	47	26	37
167	91	81	9
168	70	61	51
169	31	40	21
170	82	73	64
171	88	79	69
172	88	97	79
173	89	68	79
174	100	79	90
175	20	10	30
176	115	95	106
177	64	84	74
178	63	83	73
179	91	101	111
180	103	94	112
181	88	97	78
182	95	85	105
183	7	28	18
184	50	59	40
185	38	28	47
186	44	24	34
187	84	74	94
188	27	36	18
189	93	73	83
190	70	79	61
191	52	43	33
192	35	14	25
193	64	73	54
194	69	60	78
195	82	72	91
196	62	71	52
197	54	75	65
198	71	50	61
199	89	79	98
200	42	31	51
201	56	46	65
202	60	50	41
203	35	22	45
204	88	78	97
205	58	67	48
206	22	12	32
207	46	66	57
208	105	84	95
209	31	52	42
210	65	75	85
211	99	108	89
212	41	32	22
213	54	44	63
214	83	73	92
215	94	85	75
216	73	93	83
217	52	62	72
218	74	94	84
219	80	60	70
220	72	92	82
221	91	71	81
222	77	67	58
223	80	70	61
224	67	77	87
225	66	75	57
226	16	6	26
227	84	74	93
228	109	89	99
229	96	105	86
230	84	93	74
231	89	109	99
232	96	87	77
233	57	36	47
234	93	83	102
235	22	43	33
236	47	67	57
237	83	92	73
238	49	39	59
239	75	84	65
240	62	41	52
241	99	79	89
242	49	58	40
243	106	96	86
244	37	27	18
245	93	113	103
246	65	74	55
247	84	74	93
248	108	87	98
249	32	12	22
250	90	19	9
251	40	19	30
252	19	29	39
253	58	67	48
254	98	88	79
255	10	31	21
256	46	66	56
257	113	104	94
258	88	78	6
259	41	31	51
260	32	42	52
261	89	79	98
262	80	70	61
263	89	79	7
264	75	65	85
265	66	56	75
266	66	57	47
267	47	57	67
268	95	104	85
269	17	78	6
270	74	94	84
271	63	54	44
272	68	58	49
273	83	91	73
274	64	85	75
275	88	79	69
276	64	43	54
277	57	48	38
278	64	54	73
279	70	79	61
280	59	68	49
281	98	78	88
282	23	43	33
283	112	102	93
284	64	74	84
285	65	74	56
286	62	52	72
287	30	39	20
288	22	42	32
289	61	51	71
290	74	95	85
291	65	44	55
292	103	94	84
293	18	28	38
294	32	41	23
295	48	38	57
296	46	35	55
297	52	61	42
298	66	76	86
299	54	44	63
300	103	82	93
301	17	7	26
302	10	30	20
303	71	51	61
304	67	57	76
305	81	101	91
306	42	32	51
307	84	93	73
308	70	90	81
309	81	101	91
310	23	33	43
311	80	90	100
312	78	99	89
313	46	56	66
314	69	78	59
315	54	34	44
316	55	65	74
317	55	76	66
318	31	22	12
319	80	70	90
320	54	74	64
321	67	87	78
322	40	49	31
323	108	87	98
324	101	92	82
325	35	56	46
326	56	77	67
327	85	75	95
328	36	26	45
329	27	48	38
330	90	69	80
331	66	57	47
332	79	58	69
333	62	52	71
334	55	64	45
335	54	64	74
336	73	93	83
337	89	18	8
338	7	17	74
339	78	68	87
340	65	74	56
341	50	59	40
342	49	59	69
343	106	96	116
344	94	74	84
345	39	48	30
346	106	97	87
347	28	37	19
348	39	48	58
349	8	75	19
350	10	31	21
351	70	91	81
352	56	65	47
353	52	42	62
354	82	61	72
355	93	102	83
356	6	73	16
357	51	41	60
358	40	49	31
359	59	50	40
360	86	76	95
361	43	52	33
362	51	60	41
363	47	36	56
364	84	93	74
365	8	75	18
366	46	37	27
367	84	74	93
368	41	50	31
369	62	83	73
370	71	62	52
371	86	107	97
372	17	26	7
373	19	40	30
374	86	15	6
375	61	50	70
376	66	46	56
377	57	47	67
378	45	65	55
379	42	52	62
380	58	48	67
381	64	73	54
382	42	30	52
383	91	100	81
384	15	25	35
385	98	88	107
386	34	25	44
387	73	83	93
388	90	110	100
389	41	31	51
390	98	89	80
391	82	72	92
392	17	7	27
393	97	87	78
394	18	81	8
395	50	40	59
396	66	75	56
397	71	82	92
398	100	90	109
399	91	82	72
400	69	78	60
401	78	98	88
402	93	83	102
403	90	69	80
404	73	53	63
405	89	79	98
406	67	87	77
407	90	7	80
408	49	70	60
409	84	75	65
410	100	90	81
411	34	44	54
412	85	75	94
413	95	85	104
414	90	80	100
415	62	42	52
416	20	29	11
417	35	55	45
418	89	79	7
419	40	31	21
420	31	40	21
421	88	5	78
422	8	28	18
423	90	81	71
424	59	50	40
425	104	83	94
426	35	45	55
427	5	16	73
428	58	38	49
429	46	36	55
430	47	57	67
431	63	42	53
432	46	66	56
433	50	71	61
434	57	77	67
435	83	74	64
436	103	82	93
437	34	54	44
438	58	37	48
439	64	84	74
440	85	64	75
441	61	70	80
442	65	55	74
443	92	102	112
444	48	28	38
445	64	74	84
446	96	117	107
447	90	70	80
448	102	111	92
449	6	27	17
450	37	16	27
451	48	39	30
452	73	93	83
453	91	81	101
454	56	46	66
455	108	99	89
456	45	56	66
457	73	63	82
458	95	105	115
459	67	76	57
460	89	99	109
461	65	44	55
462	90	110	100
463	98	89	79
464	30	20	11
465	74	65	55
466	43	52	33
467	94	103	84
468	104	113	95
469	107	98	89
470	55	45	64
471	94	114	104
472	89	80	70
473	42	32	23
474	95	104	85
475	86	76	95
476	86	106	96
477	52	42	62
478	91	82	72
479	83	94	103
480	65	45	56
481	79	100	90
482	21	42	32
483	56	46	65
484	75	85	94
485	85	105	96
486	64	55	45
487	40	30	49
488	81	71	90
489	79	100	90
490	52	72	62
491	40	30	49
492	107	87	97
493	80	89	71
494	92	113	103
495	43	63	53
496	112	103	93
497	27	7	17
498	37	28	18
499	70	79	60
500	59	80	70
501	40	31	21
502	64	85	75
503	97	106	87
504	57	36	47
505	114	105	95
506	31	22	40
507	108	88	99
508	36	26	46
509	75	96	86
510	84	93	74
511	19	9	28
512	53	44	34
513	88	5	78
514	61	51	70
515	99	78	89
516	91	111	101
517	4	25	15
518	25	15	35
519	74	64	83
520	74	64	83
521	96	76	86
522	45	94	36
523	40	60	50
524	76	85	66
525	94	84	104
526	83	73	93
527	95	105	114
528	60	51	41
529	73	82	64
530	88	108	98
531	36	26	46
532	81	71	90
533	48	57	38
534	90	100	110
535	34	24	43
536	91	81	9
537	75	84	66
538	94	84	104
539	55	76	66
540	21	11	31
541	74	65	55
542	91	81	101
543	29	20	38
544	25	35	45
545	72	62	82
546	108	87	98
547	71	61	51
548	82	91	73
549	97	87	106
550	46	36	55
551	65	55	74
552	89	79	7
553	105	113	95
554	88	97	78
555	102	92	83
556	54	64	74
557	104	83	94
558	71	51	61
559	66	76	86
560	62	42	53
561	71	61	81
562	34	44	54
563	97	87	78
564	92	113	103
565	44	34	53
566	89	98	79
567	50	40	31
568	75	96	86
569	90	100	110
570	17	7	80
571	58	68	78
572	93	102	83
573	31	21	40
574	104	84	94
575	86	76	96
576	94	103	84
577	97	76	87
578	75	65	85
579	30	10	20
580	69	48	59
581	71	91	81
582	92	83	73
583	91	9	82
584	64	74	83
585	31	20	40
586	106	97	87
587	45	55	64
588	112	102	93
589	21	30	12
590	74	95	85
591	57	46	66
592	82	72	63
593	101	91	82
594	69	59	78
595	65	75	85
596	83	92	73
597	96	86	105
598	88	97	78
599	90	99	80
600	4	72	83
601	16	6	79
602	99	78	89
603	61	82	72
604	15	36	26
605	62	71	52
606	106	96	115
607	100	80	90
608	47	56	38
609	74	94	84
610	98	89	79
611	34	24	15
612	66	55	75
613	67	88	78
614	90	110	100
615	97	87	106
616	82	91	73
617	114	105	95
618	106	96	87
619	45	66	56
620	63	54	44
621	91	9	82
622	46	56	66
623	47	68	58
624	32	22	41
625	79	69	88
626	97	87	107
627	27	7	17
628	28	19	9
629	17	80	7
630	66	47	56
631	90	80	99
632	74	94	84
633	50	40	60
634	32	52	43
635	95	74	85
636	71	62	52
637	63	42	53
638	82	72	91
639	63	53	73
640	88	78	6
641	52	62	72
642	45	55	65
643	65	85	75
644	73	63	83
645	40	19	30
646	58	69	78
647	54	63	44
648	100	91	81
649	27	36	17
650	74	84	94
651	50	41	31
652	33	24	14
653	39	49	59
654	110	90	100
655	55	65	74
656	83	63	73
657	44	53	34
658	51	41	60
659	88	109	99
660	56	46	65
661	48	38	29
662	71	92	82
663	65	85	75
664	46	55	36
665	84	93	74
666	24	35	45
667	48	69	59
668	61	111	125
669	17	7	26
670	59	48	68
671	64	44	54
672	17	37	27
673	70	50	60
674	17	26	36
675	70	80	90
676	48	57	39
677	49	59	69
678	105	114	95
679	85	64	75
680	16	27	37
681	89	79	70
682	92	101	82
683	71	80	61
684	72	62	82
685	52	31	42
686	61	70	51
687	58	67	48
688	88	68	78
689	91	71	82
690	69	80	89
691	85	94	75
692	35	25	16
693	38	58	49
694	15	35	25
695	52	62	72
696	71	62	80
697	104	83	94
698	95	105	115
699	16	37	27
700	45	65	55
701	38	28	48
702	74	83	65
703	37	58	48
704	58	67	48
705	93	103	113
706	98	88	79
707	54	44	64
708	40	30	49
709	104	84	94
710	87	16	6
711	88	79	69
712	62	71	52
713	88	7	18
714	62	71	53
715	60	70	80
716	99	89	108
717	21	11	30
718	72	81	62
719	86	96	106
720	21	30	11
721	100	108	203
722	36	26	45
723	98	107	88
724	52	43	33
725	40	49	30
726	60	80	70
727	83	62	73
728	82	72	91
729	49	29	39
730	17	37	28
731	49	39	59
732	103	94	84
733	85	74	94
734	81	90	72
735	13	23	33
736	48	58	68
737	41	20	31
738	92	83	73
739	98	89	78
740	90	8	81
741	62	41	52
742	19	28	9
743	104	95	85
744	100	90	81
745	60	50	69
746	97	88	106
747	63	72	54
748	42	52	62
749	37	16	27
750	75	85	95
751	51	41	61
752	84	105	95
753	40	19	30
754	103	94	84
755	51	41	60
756	66	45	56
757	85	106	96
758	11	32	22
759	50	71	61
760	57	37	47
761	79	88	69
762	34	25	43
763	68	58	77
764	43	53	63
765	52	42	61
766	83	93	103
767	80	90	100
768	28	19	9
769	65	55	74
770	92	82	101
771	89	7	80
772	96	105	86
773	53	43	63
774	84	93	74
775	49	39	58
776	64	74	84
777	45	35	26
778	85	106	96
779	24	15	5
780	73	83	93
781	75	54	65
782	90	111	101
783	50	60	69
784	82	61	72
785	71	61	52
786	79	69	88
787	48	69	59
788	60	50	70
789	88	78	97
790	79	88	69
791	39	30	20
792	77	86	67
793	61	71	81
794	45	66	56
795	43	34	24
796	45	55	65
797	111	91	101
798	112	103	93
799	28	18	37
800	92	102	112
801	99	108	89
802	27	7	17
803	99	108	90
804	100	90	109
805	86	77	67
806	67	87	77
807	45	25	36
808	65	44	55
809	83	104	94
810	83	74	64
811	63	53	44
812	76	97	87
813	78	68	88
814	9	76	19
815	62	51	71
816	72	62	81
817	36	26	45
818	64	74	84
819	65	85	75
820	87	96	78
821	80	100	90
822	75	65	84
823	23	43	33
824	110	90	100
825	6	74	85
826	30	9	20
827	70	61	51
828	57	46	66
829	23	33	43
830	54	34	44
831	24	45	35
832	66	56	75
833	93	72	83
834	71	61	52
835	69	90	80
836	16	6	79
837	10	20	30
838	60	81	71
839	48	38	57
840	103	112	94
841	62	52	72
842	106	85	96
843	75	65	84
844	64	74	84
845	67	56	76
846	90	80	8
847	69	79	89
848	15	5	78
849	49	59	69
850	98	88	107
851	50	59	40
852	5	15	25
853	26	5	16
854	43	64	54
855	34	54	44
856	91	81	9
857	63	53	73
858	9	30	20
859	88	68	78
860	84	74	93
861	69	79	89
862	90	80	100
863	103	112	93
864	92	102	112
865	80	70	89
866	66	75	57
867	82	91	72
868	69	79	89
869	66	77	86
870	25	5	15
871	91	8	81
872	32	22	41
873	88	78	98
874	51	72	62
875	34	43	24
876	80	100	91
877	7	76	19
878	45	25	35
879	48	58	67
880	51	72	62
881	60	48	69
882	62	41	52
883	19	28	9
884	28	17	37
885	62	71	53
886	78	89	98
887	89	97	79
888	48	69	59
889	78	87	68
890	29	19	38
891	38	28	47
892	89	98	107
893	53	43	62
894	20	10	29
895	52	62	72
896	76	96	86
897	26	46	36
898	102	82	92
899	107	96	116
900	60	40	50
901	41	50	32
902	46	36	55
903	86	77	68
904	47	68	58
905	89	99	109
906	19	40	30
907	5	73	84
908	93	82	102
909	61	41	52
910	62	52	71
911	82	72	91
912	113	104	95
913	56	65	47
914	63	84	74
915	81	71	90
916	73	63	82
917	46	55	37
918	98	77	88
919	6	74	85
920	49	28	39
921	82	72	91
922	62	53	43
923	87	96	78
924	65	75	84
925	41	32	22
926	85	106	96
927	100	90	81
928	52	42	62
929	34	54	44
930	99	89	108
931	6	27	17
932	68	77	59
933	101	110	92
934	77	67	87
935	86	95	76
936	69	59	78
937	72	63	53
938	107	98	88
939	93	83	102
940	22	41	31
941	40	30	50
942	63	82	72
943	97	87	78
944	81	102	92
945	42	52	62
946	43	33	52
947	73	63	82
948	70	50	60
949	21	31	41
950	93	73	83
951	44	34	25
952	91	71	81
953	65	86	76
954	71	50	61
955	50	71	61
956	52	61	43
957	90	80	99
958	37	27	46
959	88	78	97
960	49	39	59
961	68	59	77
962	71	80	62
963	113	104	94
964	59	79	69
965	97	87	106
966	79	99	89
967	82	61	72
968	90	81	71
969	37	46	27
970	57	77	67
971	57	77	67
972	79	99	89
973	65	74	84
974	66	56	75
975	57	67	77
976	88	97	78
977	100	80	90
978	31	52	42
979	63	52	72
980	50	61	70
981	67	87	78
982	32	23	13
983	85	105	95
984	16	26	36
985	15	36	26
986	78	98	88
987	89	98	79
988	32	22	42
989	103	83	93
990	61	52	42
991	21	30	12
992	47	56	37
993	20	29	10
994	58	67	48
995	87	5	78
996	58	49	39
997	73	84	94
998	105	85	95
999	22	32	42