Reaction test
type	A+B+C
number	1000

max value	65536
unit	us

test	A	B	C
0	25	7	37
1	8	40	23
2	20	35	11
3	10	30	19
4	6	33	18
5	20	34	6
6	22	8	35
7	12	31	21
8	10	29	19
9	10	29	19
10	7	36	23
11	20	29	11
12	7	23	35
13	9	18	28
14	10	19	31
15	6	34	23
16	12	21	31
17	10	19	29
18	10	19	29
19	31	22	12
20	21	5	32
21	8	23	39
22	33	5	19
23	30	21	12
24	29	10	19
25	21	32	8
26	20	29	11
27	23	37	9
28	31	6	20
29	9	28	18
30	20	29	10
31	36	8	23
32	8	24	36
33	39	25	9
34	30	11	20
35	36	23	8
36	18	9	28
37	10	19	29
38	34	20	7
39	53	23	9
40	38	8	22
41	34	5	19
42	31	12	21
43	29	10	19
44	8	31	21
45	22	6	35
46	8	27	17
47	10	29	19
48	30	11	20
49	29	9	19
50	19	10	28
51	6	20	36
52	19	28	9
53	22	31	12
54	18	27	9
55	21	30	12
56	11	20	29
57	20	11	29
58	10	29	19
59	10	29	19
60	22	32	12
61	23	6	38
62	10	29	19
63	10	29	19
64	22	31	13
65	21	12	32
66	19	10	28
67	30	11	20
68	10	19	29
69	12	21	30
70	18	7	34
71	19	9	27
72	17	8	26
73	20	11	29
74	24	36	8
75	12	31	21
76	20	10	29
77	34	9	24
78	35	19	8
79	29	20	10
80	22	33	9
81	18	34	7
82	37	23	9
83	34	48	7
84	31	12	21
85	9	18	28
86	8	32	23
87	22	35	7
88	9	22	40
89	29	10	19
90	22	31	13
91	20	34	6
92	12	30	21
93	20	11	29
94	7	21	34
95	9	18	28
96	20	29	10
97	37	7	22
98	26	90	17
99	9	35	24
100	10	31	19
101	19	28	10
102	36	22	9
103	11	30	20
104	11	29	19
105	11	20	30
106	5	32	19
107	20	11	29
108	10	29	19
109	39	7	22
110	11	19	31
111	31	12	21
112	22	31	12
113	17	6	29
114	28	9	18
115	31	12	21
116	20	29	11
117	8	27	17
118	23	8	38
119	7	20	33
120	33	23	8
121	21	30	12
122	30	10	20
123	21	11	29
124	30	20	11
125	28	19	9
126	30	20	11
127	30	20	6
128	11	32	20
129	21	38	8
130	30	10	20
131	29	20	10
132	29	10	19
133	31	12	21
134	41	24	8
135	19	28	10
136	6	22	32
137	21	8	33
138	11	20	30
139	5	20	35
140	38	7	22
141	34	8	19
142	20	6	31
143	29	19	10
144	12	21	31
145	30	10	20
146	31	22	12
147	22	31	12
148	38	6	22
149	31	22	12
150	30	21	11
151	28	9	18
152	29	20	10
153	29	10	19
154	7	28	18
155	41	9	26
156	20	5	31
157	37	21	9
158	23	8	36
159	7	33	21
160	19	8	34
161	7	37	22
162	22	31	12
163	23	37	9
164	19	10	28
165	22	35	10
166	36	20	9
167	30	10	20
168	10	30	19
169	6	35	19
170	34	21	7
171	37	5	20
172	29	19	10
173	30	11	20
174	20	29	11
175	6	36	22
176	36	22	10
177	9	18	28
178	19	10	28
179	30	6	19
180	29	20	10
181	33	21	6
182	11	19	31
183	28	19	9
184	34	22	9
185	28	8	18
186	8	37	22
187	29	9	19
188	22	6	33
189	19	28	10
190	10	19	29
191	12	21	30
192	10	19	29
193	22	33	10
194	5	33	22
195	11	30	20
196	29	20	10
197	20	11	29
198	12	21	31
199	12	21	31
200	7	36	23
201	20	31	6
202	32	21	7
203	31	12	21
204	6	32	22
205	38	23	9
206	23	38	7
207	30	21	11
208	22	7	32
209	34	8	20
210	22	6	33
211	21	35	7
212	7	23	38
213	19	28	10
214	33	22	13
215	30	21	11
216	7	22	33
217	10	19	29
218	29	20	10
219	29	8	18
220	33	16	6
221	21	30	6
222	5	35	20
223	20	6	36
224	23	36	9
225	33	4	20
226	10	19	29
227	28	9	18
228	11	29	19
229	28	9	18
230	20	29	11
231	22	31	13
232	7	19	36
233	19	28	9
234	19	10	28
235	13	21	33
236	35	23	6
237	5	20	71
238	35	9	24
239	32	22	13
240	20	7	33
241	21	36	9
242	22	37	9
243	12	31	21
244	9	27	18
245	34	24	9
246	11	30	20
247	22	38	9
248	19	28	10
249	20	30	11
250	20	29	10
251	19	10	28
252	9	39	23
253	19	28	9
254	32	6	20
255	6	36	22
256	14	37	26
257	6	37	23
258	21	30	12
259	8	38	22
260	31	12	21
261	13	31	21
262	36	9	23
263	6	30	20
264	32	7	21
265	20	5	35
266	32	7	22
267	34	8	24
268	8	17	27
269	22	31	12
270	8	24	39
271	19	6	35
272	19	10	28
273	21	11	30
274	10	19	32
275	10	29	19
276	20	29	10
277	34	5	20
278	19	28	9
279	9	39	25
280	10	29	19
281	9	28	18
282	21	30	12
283	19	28	9
284	29	20	10
285	9	28	18
286	28	9	18
287	22	31	12
288	9	28	18
289	9	28	18
290	10	19	28
291	30	21	11
292	28	9	18
293	42	26	9
294	11	20	30
295	9	18	28
296	10	18	28
297	11	20	30
298	9	37	24
299	21	6	33
300	22	31	12
301	31	11	20
302	21	5	33
303	12	21	31
304	23	9	34
305	10	19	29
306	6	35	21
307	11	20	30
308	21	11	30
309	31	5	21
310	7	26	37
311	18	8	29
312	29	20	10
313	37	8	21
314	31	12	21
315	18	8	27
316	9	18	27
317	31	21	12
318	29	9	19
319	29	19	10
320	10	29	19
321	29	5	19
322	6	19	31
323	9	18	27
324	34	10	24
325	20	30	11
326	21	11	29
327	21	32	8
328	33	22	7
329	18	27	9
330	7	18	29
331	28	8	17
332	30	11	20
333	6	29	18
334	28	19	10
335	8	26	37
336	6	34	22
337	21	33	8
338	23	7	38
339	21	9	36
340	19	35	8
341	20	29	11
342	32	20	7
343	12	30	21
344	31	12	21
345	21	32	6
346	23	9	33
347	30	10	20
348	35	9	25
349	24	86	14
350	36	9	21
351	30	20	11
352	31	11	21
353	38	22	8
354	31	11	21
355	22	7	33
356	28	9	18
357	6	32	21
358	6	21	32
359	26	5	16
360	20	7	34
361	18	9	28
362	37	9	22
363	19	10	28
364	39	22	8
365	7	21	32
366	30	10	20
367	18	9	27
368	28	9	18
369	6	22	37
370	24	35	9
371	23	38	10
372	29	19	10
373	5	31	17
374	32	22	12
375	32	22	13
376	30	20	11
377	30	11	20
378	28	19	9
379	35	7	19
380	18	9	29
381	28	9	18
382	28	19	9
383	45	85	112
384	37	25	9
385	20	7	31
386	24	34	8
387	39	24	8
388	23	35	9
389	19	10	28
390	9	22	37
391	10	19	28
392	8	34	24
393	9	18	28
394	28	9	18
395	19	10	28
396	18	9	28
397	23	36	8
398	8	37	22
399	6	34	22
400	23	8	34
401	31	11	21
402	10	29	19
403	20	37	6
404	9	28	18
405	20	29	10
406	37	23	8
407	34	22	8
408	21	34	8
409	11	20	29
410	9	18	28
411	23	34	10
412	10	19	138
413	10	19	29
414	11	20	30
415	20	11	33
416	10	19	29
417	19	10	30
418	18	9	27
419	9	27	17
420	28	9	18
421	31	12	21
422	8	17	27
423	34	23	8
424	10	29	19
425	20	29	11
426	11	32	20
427	11	30	20
428	19	28	10
429	9	27	17
430	32	22	13
431	24	38	9
432	36	22	9
433	10	31	19
434	6	19	30
435	9	17	27
436	12	21	31
437	21	30	11
438	23	34	6
439	10	19	29
440	7	20	35
441	19	10	28
442	28	9	18
443	10	19	29
444	21	32	8
445	18	29	6
446	20	29	11
447	12	31	21
448	10	29	19
449	10	28	19
450	20	29	11
451	40	22	6
452	20	29	11
453	21	30	12
454	32	20	7
455	28	19	10
456	7	36	22
457	38	21	7
458	8	33	23
459	21	12	35
460	19	9	29
461	43	9	29
462	12	21	31
463	38	7	23
464	31	20	6
465	20	31	6
466	31	8	40
467	10	19	38
468	12	21	31
469	34	6	23
470	20	9	31
471	11	20	29
472	11	20	32
473	29	19	10
474	11	20	32
475	23	5	35
476	32	22	13
477	12	21	32
478	28	19	9
479	43	8	27
480	7	35	19
481	10	24	40
482	30	7	20
483	5	35	19
484	25	16	89
485	16	25	115
486	30	21	11
487	6	21	34
488	36	9	21
489	36	24	8
490	18	8	27
491	31	20	7
492	39	29	6
493	12	21	32
494	9	18	27
495	19	10	28
496	25	9	37
497	36	22	10
498	29	7	38
499	25	7	41
500	7	35	25
501	11	30	20
502	6	30	40
503	19	9	28
504	6	25	35
505	23	34	9
506	31	18	9
507	6	30	20
508	10	29	19
509	9	28	18
510	41	7	25
511	22	36	6
512	34	9	24
513	9	39	29
514	23	39	9
515	30	11	20
516	12	31	21
517	7	18	32
518	31	6	21
519	24	8	40
520	26	9	42
521	7	35	25
522	9	46	31
523	42	9	26
524	19	10	28
525	29	19	10
526	26	9	38
527	81	64	8
528	31	20	6
529	5	22	38
530	30	11	20
531	22	37	8
532	18	9	27
533	19	9	28
534	6	19	31
535	41	9	27
536	25	36	7
537	25	8	43
538	38	6	23
539	23	7	34
540	33	7	22
541	20	5	31
542	8	37	22
543	21	30	11
544	6	34	20
545	12	30	20
546	26	9	38
547	31	6	21
548	10	29	19
549	21	11	30
550	8	33	23
551	32	12	21
552	29	20	10
553	20	28	10
554	21	12	42
555	28	9	18
556	18	9	27
557	31	12	21
558	21	35	7
559	29	10	20
560	18	5	29
561	12	21	33
562	26	8	38
563	20	36	9
564	28	9	18
565	18	8	28
566	5	22	41
567	21	12	30
568	5	22	39
569	21	11	30
570	10	19	29
571	19	28	9
572	20	10	30
573	31	5	21
574	6	32	21
575	9	34	22
576	24	8	36
577	8	39	23
578	22	12	31
579	10	29	19
580	6	20	67
581	22	40	7
582	20	30	9
583	10	19	29
584	29	20	11
585	12	21	31
586	20	30	7
587	9	28	18
588	31	11	21
589	30	11	20
590	6	33	21
591	30	20	11
592	28	19	10
593	33	7	23
594	6	19	30
595	37	21	6
596	8	33	23
597	18	8	30
598	5	19	36
599	31	22	12
600	21	6	32
601	31	12	21
602	9	18	28
603	8	22	37
604	20	11	29
605	7	21	38
606	22	12	30
607	10	40	25
608	7	35	22
609	11	30	20
610	11	30	20
611	8	37	21
612	12	21	31
613	8	31	21
614	32	8	22
615	7	18	32
616	9	18	28
617	29	19	10
618	31	11	21
619	25	9	37
620	19	10	30
621	6	31	21
622	35	8	20
623	28	8	18
624	33	6	22
625	6	21	36
626	11	32	20
627	31	12	21
628	39	23	9
629	21	12	30
630	28	19	10
631	28	9	18
632	8	20	33
633	20	11	29
634	11	30	20
635	9	18	27
636	12	21	31
637	11	20	30
638	18	9	27
639	10	29	19
640	20	31	6
641	7	21	33
642	32	13	22
643	31	11	21
644	5	21	33
645	19	28	10
646	10	19	32
647	20	29	10
648	28	19	10
649	12	31	21
650	19	28	9
651	7	35	22
652	20	31	11
653	19	35	6
654	31	12	21
655	8	24	41
656	11	20	29
657	9	18	28
658	18	8	27
659	19	10	29
660	18	9	27
661	10	29	19
662	28	9	18
663	8	17	29
664	29	10	19
665	12	21	30
666	20	11	29
667	8	17	27
668	19	10	28
669	21	7	35
670	12	21	30
671	11	20	30
672	6	19	35
673	20	6	37
674	38	26	8
675	8	20	35
676	18	27	8
677	52	10	40
678	18	9	27
679	35	7	22
680	6	21	33
681	19	5	30
682	23	8	34
683	8	33	22
684	38	9	23
685	38	24	9
686	7	23	34
687	20	35	7
688	29	19	10
689	31	21	12
690	9	27	18
691	10	26	37
692	23	8	34
693	20	29	10
694	7	36	21
695	22	38	9
696	21	6	36
697	34	6	20
698	33	18	5
699	21	32	6
700	20	31	7
701	7	35	19
702	5	22	33
703	31	11	21
704	12	21	31
705	9	38	25
706	9	24	34
707	6	22	33
708	9	18	28
709	9	18	28
710	11	20	30
711	9	18	28
712	9	18	28
713	10	19	29
714	22	12	31
715	21	30	12
716	29	18	7
717	31	12	21
718	34	6	23
719	11	30	20
720	20	11	31
721	33	8	23
722	33	8	23
723	6	34	18
724	13	31	22
725	9	27	18
726	20	11	32
727	38	22	8
728	10	19	29
729	21	36	9
730	31	11	21
731	31	21	11
732	21	7	32
733	6	39	23
734	18	9	27
735	30	21	11
736	9	18	28
737	27	5	17
738	35	25	7
739	19	28	10
740	30	11	20
741	28	19	9
742	9	18	32
743	21	8	31
744	5	20	30
745	30	20	11
746	30	9	20
747	16	4	27
748	20	7	31
749	30	11	20
750	30	11	20
751	41	8	27
752	28	9	18
753	5	20	34
754	28	19	9
755	28	9	18
756	7	39	23
757	22	31	12
758	11	20	30
759	12	21	30
760	7	19	36
761	24	14	87
762	38	23	10
763	20	11	29
764	20	29	10
765	11	20	29
766	39	9	23
767	28	9	18
768	21	12	30
769	85	11	20
770	7	33	23
771	9	18	28
772	10	30	19
773	11	30	20
774	23	8	35
775	7	30	19
776	28	8	18
777	11	29	20
778	18	27	9
779	6	22	33
780	28	19	9
781	18	5	31
782	19	28	9
783	35	23	8
784	11	30	20
785	8	23	33
786	11	19	29
787	18	28	7
788	21	30	12
789	8	21	38
790	28	9	18
791	8	27	17
792	8	22	32
793	22	32	12
794	24	7	40
795	6	33	18
796	8	31	20
797	29	5	18
798	12	30	21
799	39	24	7
800	11	30	20
801	7	19	30
802	9	34	22
803	21	30	12
804	7	37	23
805	10	19	29
806	20	6	34
807	20	10	29
808	21	6	34
809	29	20	10
810	7	23	37
811	8	26	42
812	36	7	22
813	32	7	22
814	18	9	27
815	18	8	27
816	11	31	20
817	11	30	20
818	9	21	33
819	28	6	18
820	9	18	28
821	9	36	25
822	23	39	8
823	11	30	20
824	20	37	9
825	20	29	11
826	20	28	10
827	10	19	29
828	25	42	9
829	33	22	8
830	19	29	9
831	29	10	19
832	21	6	36
833	11	20	30
834	10	28	18
835	36	24	7
836	21	12	30
837	6	19	34
838	22	42	9
839	11	30	20
840	20	11	29
841	10	26	41
842	29	7	19
843	35	6	25
844	12	31	21
845	7	20	38
846	18	29	6
847	24	6	35
848	11	30	20
849	38	24	9
850	19	10	30
851	30	21	11
852	30	11	20
853	7	34	23
854	6	20	31
855	10	19	29
856	6	39	24
857	9	18	27
858	7	32	22
859	19	28	10
860	19	10	28
861	9	27	43
862	31	11	21
863	7	32	22
864	31	21	12
865	144	12	21
866	22	5	33
867	21	12	30
868	7	31	21
869	22	37	9
870	9	29	45
871	23	35	8
872	30	11	20
873	32	12	22
874	22	8	37
875	20	30	10
876	4	30	20
877	21	11	30
878	10	19	29
879	10	19	30
880	30	17	7
881	19	10	28
882	21	12	79
883	34	18	8
884	26	36	10
885	28	18	5
886	18	9	27
887	30	10	19
888	28	19	9
889	34	23	9
890	28	19	10
891	12	31	21
892	20	11	29
893	9	22	38
894	9	35	24
895	20	29	11
896	31	12	21
897	11	30	20
898	21	30	12
899	5	23	35
900	35	23	7
901	11	20	30
902	22	13	34
903	10	19	30
904	10	19	29
905	31	22	12
906	20	11	29
907	19	10	28
908	21	30	12
909	12	31	21
910	30	21	12
911	19	28	10
912	30	11	20
913	9	17	27
914	12	31	21
915	8	23	40
916	20	7	35
917	11	31	19
918	7	32	21
919	12	21	31
920	12	31	21
921	20	29	10
922	33	9	23
923	6	41	15
924	28	8	18
925	6	20	36
926	20	7	33
927	36	6	21
928	31	12	21
929	9	28	18
930	30	11	20
931	31	21	7
932	22	38	9
933	22	31	12
934	12	21	31
935	10	29	19
936	9	18	28
937	12	31	21
938	8	30	20
939	33	17	7
940	22	35	6
941	28	9	18
942	20	32	5
943	10	29	19
944	18	34	6
945	32	23	9
946	28	9	18
947	18	27	9
948	36	8	21
949	5	21	30
950	38	22	8
951	22	38	9
952	21	6	33
953	30	9	18
954	5	19	31
955	16	5	32
956	37	9	27
957	21	11	30
958	34	10	24
959	21	36	5
960	12	31	21
961	11	30	20
962	31	12	21
963	19	28	10
964	22	32	12
965	20	8	34
966	9	32	22
967	40	10	25
968	20	11	29
969	34	21	9
970	6	22	33
971	38	8	25
972	31	12	21
973	12	31	21
974	31	21	12
975	11	30	20
976	21	30	11
977	21	30	12
978	19	28	10
979	21	7	33
980	22	37	9
981	9	36	21
982	20	29	10
983	35	21	8
984	21	12	32
985	8	37	24
986	21	12	30
987	32	6	22
988	8	17	27
989	11	30	20
990	12	21	31
991	31	7	21
992	30	7	20
993	18	32	5
994	29	10	19
995	28	9	18
996	12	31	21
997	11	30	20
998	6	32	22
999	35	7	21